###############
# Sets #
###############
#
set DAYTYPE := 1 2;
set DAILYTIMEBRACKET := 1 2;
set SEASON := 1 2;
set EMISSION := EMIC02 EMICH4 EMIFGA EMIN2O EMIREN ;
set REGION := RE1 ;
set MODE_OF_OPERATION := 1 2 ; #
set FUEL := ELC003 EL_Storage EV_DEM;
set STORAGE := EVBAT;
set TECHNOLOGY :=  PWRSOL001 CHA_RES_NC EV_MOV;
set YEAR := 2015 2016 2017 2018 2019 2020 2021 2022 2023 2024 2025 2026 2027 2028 2029 2030 2031 2032 2033 2034 2035 2036 2037 2038 2039 2040 2041 2042 2043 2044 2045 2046 2047 2048 2049 2050 ;
set TIMESLICE := S1D1T1 S1D1T2 S1D2T1 S1D2T2 S2D1T1 S2D1T2 S2D2T1 S2D2T2;

#####################
# Parameters #
#####################
#
#param ResultsPath := ;

param AccumulatedAnnualDemand default 0 :=
;

param AnnualEmissionLimit default 99999 :=
;

param AnnualExogenousEmission default 0 :=
;

param AvailabilityFactor default 1 :=
;

param CapacityFactor default 1 :=
[RE1,PWRSOL001,*,*]:																																			
2015 2016 2017 2018 2019 2020 2021 2022 2023 2024 2025 2026 2027 2028 2029 2030 2031 2032 2033 2034 2035 2036 2037 2038 2039 2040 2041 2042 2043 2044 2045 2046 2047 2048 2049 2050 :=
S1D1T1 0.11550994337500002 0.11550994337500002 0.11550994337500002 0.11550994337500002 0.11550994337500002 0.11550994337500002 0.11550994337500002 0.11550994337500002 0.11550994337500002 0.11550994337500002 0.11550994337500002 0.11550994337500002 0.11550994337500002 0.11550994337500002 0.11550994337500002 0.11550994337500002 0.11550994337500002 0.11550994337500002 0.11550994337500002 0.11550994337500002 0.11550994337500002 0.11550994337500002 0.11550994337500002 0.11550994337500002 0.11550994337500002 0.11550994337500002 0.11550994337500002 0.11550994337500002 0.11550994337500002 0.11550994337500002 0.11550994337500002 0.11550994337500002 0.11550994337500002 0.11550994337500002 0.11550994337500002 0.11550994337500002
S1D1T2 0.11053583095833334 0.11053583095833334 0.11053583095833334 0.11053583095833334 0.11053583095833334 0.11053583095833334 0.11053583095833334 0.11053583095833334 0.11053583095833334 0.11053583095833334 0.11053583095833334 0.11053583095833334 0.11053583095833334 0.11053583095833334 0.11053583095833334 0.11053583095833334 0.11053583095833334 0.11053583095833334 0.11053583095833334 0.11053583095833334 0.11053583095833334 0.11053583095833334 0.11053583095833334 0.11053583095833334 0.11053583095833334 0.11053583095833334 0.11053583095833334 0.11053583095833334 0.11053583095833334 0.11053583095833334 0.11053583095833334 0.11053583095833334 0.11053583095833334 0.11053583095833334 0.11053583095833334 0.11053583095833334
S1D2T1 0.1160626225416667 0.1160626225416667 0.1160626225416667 0.1160626225416667 0.1160626225416667 0.1160626225416667 0.1160626225416667 0.1160626225416667 0.1160626225416667 0.1160626225416667 0.1160626225416667 0.1160626225416667 0.1160626225416667 0.1160626225416667 0.1160626225416667 0.1160626225416667 0.1160626225416667 0.1160626225416667 0.1160626225416667 0.1160626225416667 0.1160626225416667 0.1160626225416667 0.1160626225416667 0.1160626225416667 0.1160626225416667 0.1160626225416667 0.1160626225416667 0.1160626225416667 0.1160626225416667 0.1160626225416667 0.1160626225416667 0.1160626225416667 0.1160626225416667 0.1160626225416667 0.1160626225416667 0.1160626225416667
S1D2T2 0.10500903945833334 0.10500903945833334 0.10500903945833334 0.10500903945833334 0.10500903945833334 0.10500903945833334 0.10500903945833334 0.10500903945833334 0.10500903945833334 0.10500903945833334 0.10500903945833334 0.10500903945833334 0.10500903945833334 0.10500903945833334 0.10500903945833334 0.10500903945833334 0.10500903945833334 0.10500903945833334 0.10500903945833334 0.10500903945833334 0.10500903945833334 0.10500903945833334 0.10500903945833334 0.10500903945833334 0.10500903945833334 0.10500903945833334 0.10500903945833334 0.10500903945833334 0.10500903945833334 0.10500903945833334 0.10500903945833334 0.10500903945833334 0.10500903945833334 0.10500903945833334 0.10500903945833334 0.10500903945833334
S2D1T1 0.110259491375 0.110259491375 0.110259491375 0.110259491375 0.110259491375 0.110259491375 0.110259491375 0.110259491375 0.110259491375 0.110259491375 0.110259491375 0.110259491375 0.110259491375 0.110259491375 0.110259491375 0.110259491375 0.110259491375 0.110259491375 0.110259491375 0.110259491375 0.110259491375 0.110259491375 0.110259491375 0.110259491375 0.110259491375 0.110259491375 0.110259491375 0.110259491375 0.110259491375 0.110259491375 0.110259491375 0.110259491375 0.110259491375 0.110259491375 0.110259491375 0.110259491375
S2D1T2 0.099758587375 0.099758587375 0.099758587375 0.099758587375 0.099758587375 0.099758587375 0.099758587375 0.099758587375 0.099758587375 0.099758587375 0.099758587375 0.099758587375 0.099758587375 0.099758587375 0.099758587375 0.099758587375 0.099758587375 0.099758587375 0.099758587375 0.099758587375 0.099758587375 0.099758587375 0.099758587375 0.099758587375 0.099758587375 0.099758587375 0.099758587375 0.099758587375 0.099758587375 0.099758587375 0.099758587375 0.099758587375 0.099758587375 0.099758587375 0.099758587375 0.099758587375
S2D2T1 0.12158941408333335 0.12158941408333335 0.12158941408333335 0.12158941408333335 0.12158941408333335 0.12158941408333335 0.12158941408333335 0.12158941408333335 0.12158941408333335 0.12158941408333335 0.12158941408333335 0.12158941408333335 0.12158941408333335 0.12158941408333335 0.12158941408333335 0.12158941408333335 0.12158941408333335 0.12158941408333335 0.12158941408333335 0.12158941408333335 0.12158941408333335 0.12158941408333335 0.12158941408333335 0.12158941408333335 0.12158941408333335 0.12158941408333335 0.12158941408333335 0.12158941408333335 0.12158941408333335 0.12158941408333335 0.12158941408333335 0.12158941408333335 0.12158941408333335 0.12158941408333335 0.12158941408333335 0.12158941408333335
S2D2T2 0.12766888479166666 0.12766888479166666 0.12766888479166666 0.12766888479166666 0.12766888479166666 0.12766888479166666 0.12766888479166666 0.12766888479166666 0.12766888479166666 0.12766888479166666 0.12766888479166666 0.12766888479166666 0.12766888479166666 0.12766888479166666 0.12766888479166666 0.12766888479166666 0.12766888479166666 0.12766888479166666 0.12766888479166666 0.12766888479166666 0.12766888479166666 0.12766888479166666 0.12766888479166666 0.12766888479166666 0.12766888479166666 0.12766888479166666 0.12766888479166666 0.12766888479166666 0.12766888479166666 0.12766888479166666 0.12766888479166666 0.12766888479166666 0.12766888479166666 0.12766888479166666 0.12766888479166666 0.12766888479166666
;

param CapacityOfOneTechnologyUnit default 0 :=
;

param CapacityToActivityUnit default 0 :
PWRSOL001	CHA_RES_NC	EV_MOV	:=
RE1	31.536	31.536	1	
;

param CapitalCost default 0.0001 :=
;

param CapitalCostStorage default 1 :=
;
## Converte TIMESLICE em DAYTYPE
param Conversionld default 0 :
1 2
S1D1T1 1 0
S1D1T2 1 0
S1D2T1 0 1
S1D2T2 0 1
S2D1T1 1 0
S2D1T2 1 0
S2D2T1 0 1
S2D2T2 0 1
;

## Converte TIMESLICE em SEASON
param Conversionls default 0 :
1 2
S1D1T1 1 0
S1D1T2 1 0
S1D2T1 1 0
S1D2T2 1 0
S2D1T1 0 1
S2D1T2 0 1
S2D2T1 0 1
S2D2T2 0 1
;

## Converte TIMESLICE em DAILYTIMEBRACKET
param Conversionlh default 0 :
1 2
S1D1T1 1 0
S1D1T2 0 1
S1D2T1 1 0
S1D2T2 0 1
S2D1T1 1 0
S2D1T2 0 1
S2D2T1 1 0
S2D2T2 0 1
;

param DaySplit default 0.00137 :=
;

param DaysInDayType default 7 :=
;

param DepreciationMethod default 1 :=
;

param DiscountRate default 0.05 :=
;

param DiscountRateStorage default 0.05 :=
;

param EmissionActivityRatio default 0 :=
;

param EmissionsPenalty default 0 :=
;

param FixedCost default 0 :=
;

param InputActivityRatio default 0 :=
[RE1,CHA_RES_NC,ELC003,*,*]:
2015	2016	2017	2018	2019	2020	2021	2022	2023	2024	2025	2026	2027	2028	2029	2030	2031	2032	2033	2034	2035	2036	2037	2038	2039	2040	2041	2042	2043	2044	2045	2046	2047	2048	2049	2050:=
1	1	1	1	1	1	1	1	1	1	1	1	1	1	1	1	1	1	1	1	1	1	1	1	1	1	1	1	1	1	1	1	1	1	1	1	1
;

param ModelPeriodEmissionLimit default 99999 :=
;

param ModelPeriodExogenousEmission default 0 :=
;

param OperationalLife default 1 :=
;

param OperationalLifeStorage default 1 :=
;

param OutputActivityRatio default 0 :=
[RE1,EV_MOV,EV_DEM,*,*]:
2015	2016	2017	2018	2019	2020	2021	2022	2023	2024	2025	2026	2027	2028	2029	2030	2031	2032	2033	2034	2035	2036	2037	2038	2039	2040	2041	2042	2043	2044	2045	2046	2047	2048	2049	2050:=
2	1	1	1	1	1	1	1	1	1	1	1	1	1	1	1	1	1	1	1	1	1	1	1	1	1	1	1	1	1	1	1	1	1	1	1	1
[RE1,CHA_RES_NC,EL_Storage,*,*]:
2015	2016	2017	2018	2019	2020	2021	2022	2023	2024	2025	2026	2027	2028	2029	2030	2031	2032	2033	2034	2035	2036	2037	2038	2039	2040	2041	2042	2043	2044	2045	2046	2047	2048	2049	2050:=
1	1	1	1	1	1	1	1	1	1	1	1	1	1	1	1	1	1	1	1	1	1	1	1	1	1	1	1	1	1	1	1	1	1	1	1	1
[RE1,PWRSOL001,ELC003,*,*]:
2015	2016	2017	2018	2019	2020	2021	2022	2023	2024	2025	2026	2027	2028	2029	2030	2031	2032	2033	2034	2035	2036	2037	2038	2039	2040	2041	2042	2043	2044	2045	2046	2047	2048	2049	2050:=
1	1	1	1	1	1	1	1	1	1	1	1	1	1	1	1	1	1	1	1	1	1	1	1	1	1	1	1	1	1	1	1	1	1	1	1	1
;

param REMinProductionTarget default 0 :=
;

param RETagFuel default 0 :=
;

param RETagTechnology default 0 :=
;

param ReserveMargin default 0 :=
;

param ReserveMarginTagFuel default 0 :=
;

param ReserveMarginTagTechnology default 0 :=
;

param ResidualCapacity default 0 :=
;

param ResidualStorageCapacity default 0 :=
;


param SpecifiedAnnualDemand default 0 :=
[RE1,*,*]:
2015	2016	2017	2018	2019	2020	2021	2022	2023	2024	2025	2026	2027	2028	2029	2030	2031	2032	2033	2034	2035	2036	2037	2038	2039	2040	2041	2042	2043	2044	2045	2046	2047	2048	2049	2050	:=
EV_DEM	0.0000	0.0000	0.0000	0.0000	0.0000	0.0000	0.0000	0.0000	0.0000	0.0003	0.0007	0.0013	0.0025	0.0043	0.0071	0.0117	0.0191	0.0311	0.0505	0.0822	0.1337	0.2176	0.3538	0.5637	0.8876	1.3726	2.0805	3.0389	4.2090	5.6175	7.3129	8.8479	10.1009	11.0502	11.8640	12.4827
;

param SpecifiedDemandProfile default 0 :=
[RE1,EV_DEM,*,*]:																																				
2015 2016 2017 2018 2019 2020 2021 2022 2023 2024 2025 2026 2027 2028 2029 2030 2031 2032 2033 2034 2035 2036 2037 2038 2039 2040 2041 2042 2043 2044 2045 2046 2047 2048 2049 2050:=
S1D1T1 0.12576496899999998 0.12576496899999998 0.12576496899999998 0.12576496899999998 0.12576496899999998 0.12576496899999998 0.12576496899999998 0.12576496899999998 0.12576496899999998 0.12576496899999998 0.12576496899999998 0.12576496899999998 0.12576496899999998 0.12576496899999998 0.12576496899999998 0.12576496899999998 0.12576496899999998 0.12576496899999998 0.12576496899999998 0.12576496899999998 0.12576496899999998 0.12576496899999998 0.12576496899999998 0.12576496899999998 0.12576496899999998 0.12576496899999998 0.12576496899999998 0.12576496899999998 0.12576496899999998 0.12576496899999998 0.12576496899999998 0.12576496899999998 0.12576496899999998 0.12576496899999998 0.12576496899999998 0.12576496899999998
S1D1T2 0.12440463899999998 0.12440463899999998 0.12440463899999998 0.12440463899999998 0.12440463899999998 0.12440463899999998 0.12440463899999998 0.12440463899999998 0.12440463899999998 0.12440463899999998 0.12440463899999998 0.12440463899999998 0.12440463899999998 0.12440463899999998 0.12440463899999998 0.12440463899999998 0.12440463899999998 0.12440463899999998 0.12440463899999998 0.12440463899999998 0.12440463899999998 0.12440463899999998 0.12440463899999998 0.12440463899999998 0.12440463899999998 0.12440463899999998 0.12440463899999998 0.12440463899999998 0.12440463899999998 0.12440463899999998 0.12440463899999998 0.12440463899999998 0.12440463899999998 0.12440463899999998 0.12440463899999998 0.12440463899999998
S1D2T1 0.12365823100000001 0.12365823100000001 0.12365823100000001 0.12365823100000001 0.12365823100000001 0.12365823100000001 0.12365823100000001 0.12365823100000001 0.12365823100000001 0.12365823100000001 0.12365823100000001 0.12365823100000001 0.12365823100000001 0.12365823100000001 0.12365823100000001 0.12365823100000001 0.12365823100000001 0.12365823100000001 0.12365823100000001 0.12365823100000001 0.12365823100000001 0.12365823100000001 0.12365823100000001 0.12365823100000001 0.12365823100000001 0.12365823100000001 0.12365823100000001 0.12365823100000001 0.12365823100000001 0.12365823100000001 0.12365823100000001 0.12365823100000001 0.12365823100000001 0.12365823100000001 0.12365823100000001 0.12365823100000001
S1D2T2 0.12701250800000002 0.12701250800000002 0.12701250800000002 0.12701250800000002 0.12701250800000002 0.12701250800000002 0.12701250800000002 0.12701250800000002 0.12701250800000002 0.12701250800000002 0.12701250800000002 0.12701250800000002 0.12701250800000002 0.12701250800000002 0.12701250800000002 0.12701250800000002 0.12701250800000002 0.12701250800000002 0.12701250800000002 0.12701250800000002 0.12701250800000002 0.12701250800000002 0.12701250800000002 0.12701250800000002 0.12701250800000002 0.12701250800000002 0.12701250800000002 0.12701250800000002 0.12701250800000002 0.12701250800000002 0.12701250800000002 0.12701250800000002 0.12701250800000002 0.12701250800000002 0.12701250800000002 0.12701250800000002
S2D1T1 0.124071447 0.124071447 0.124071447 0.124071447 0.124071447 0.124071447 0.124071447 0.124071447 0.124071447 0.124071447 0.124071447 0.124071447 0.124071447 0.124071447 0.124071447 0.124071447 0.124071447 0.124071447 0.124071447 0.124071447 0.124071447 0.124071447 0.124071447 0.124071447 0.124071447 0.124071447 0.124071447 0.124071447 0.124071447 0.124071447 0.124071447 0.124071447 0.124071447 0.124071447 0.124071447 0.124071447
S2D1T2 0.12470090499999999 0.12470090499999999 0.12470090499999999 0.12470090499999999 0.12470090499999999 0.12470090499999999 0.12470090499999999 0.12470090499999999 0.12470090499999999 0.12470090499999999 0.12470090499999999 0.12470090499999999 0.12470090499999999 0.12470090499999999 0.12470090499999999 0.12470090499999999 0.12470090499999999 0.12470090499999999 0.12470090499999999 0.12470090499999999 0.12470090499999999 0.12470090499999999 0.12470090499999999 0.12470090499999999 0.12470090499999999 0.12470090499999999 0.12470090499999999 0.12470090499999999 0.12470090499999999 0.12470090499999999 0.12470090499999999 0.12470090499999999 0.12470090499999999 0.12470090499999999 0.12470090499999999 0.12470090499999999
S2D2T1 0.126576415 0.126576415 0.126576415 0.126576415 0.126576415 0.126576415 0.126576415 0.126576415 0.126576415 0.126576415 0.126576415 0.126576415 0.126576415 0.126576415 0.126576415 0.126576415 0.126576415 0.126576415 0.126576415 0.126576415 0.126576415 0.126576415 0.126576415 0.126576415 0.126576415 0.126576415 0.126576415 0.126576415 0.126576415 0.126576415 0.126576415 0.126576415 0.126576415 0.126576415 0.126576415 0.126576415
S2D2T2 0.12381088600000001 0.12381088600000001 0.12381088600000001 0.12381088600000001 0.12381088600000001 0.12381088600000001 0.12381088600000001 0.12381088600000001 0.12381088600000001 0.12381088600000001 0.12381088600000001 0.12381088600000001 0.12381088600000001 0.12381088600000001 0.12381088600000001 0.12381088600000001 0.12381088600000001 0.12381088600000001 0.12381088600000001 0.12381088600000001 0.12381088600000001 0.12381088600000001 0.12381088600000001 0.12381088600000001 0.12381088600000001 0.12381088600000001 0.12381088600000001 0.12381088600000001 0.12381088600000001 0.12381088600000001 0.12381088600000001 0.12381088600000001 0.12381088600000001 0.12381088600000001 0.12381088600000001 0.12381088600000001
;

param MinStorageCharge default 0 :=
;

param StorageLevelStart default 0 :=
;

param StorageMaxChargeRate default 999999 :=
;

param StorageMaxDischargeRate default 999999 :=
;

################# Carrega a Bateria através de uma tecnologia (no modo 1)
param TechnologyToStorage default 0 :=
[RE1,CHA_RES_NC,*,*]:
1 2:=
EVBAT 1 0
;

################# Descarrega a Bateria em uma tecnologia (no modo 2)
param TechnologyFromStorage default 0 :=
[RE1,EV_MOV,*,*]:
1 2:=
EVBAT 0 1
;

param TotalAnnualMaxCapacity default 99999 :=
;

param TotalAnnualMaxCapacityInvestment default 99999 :=
;

param TotalAnnualMinCapacity default 0 :=
;

param TotalAnnualMinCapacityInvestment default 0 :=
;

param TotalTechnologyAnnualActivityLowerLimit default 0 :=
;

param TotalTechnologyAnnualActivityUpperLimit default 99999 :=
;

param TotalTechnologyModelPeriodActivityLowerLimit default 0 :=
;

param TotalTechnologyModelPeriodActivityUpperLimit default 99999 :=
;

param TradeRoute default 0 :=
;

param VariableCost default 0.0001 :=
;

param YearSplit default 0 :
2015 2016 2017 2018 2019 2020 2021 2022 2023 2024 2025 2026 2027 2028 2029 2030 2031 2032 2033 2034 2035 2036 2037 2038 2039 2040 2041 2042 2043 2044 2045 2046 2047 2048 2049 2050 :=
S1D1T1 0.07450182100000002 0.07450182100000002 0.07450182100000002 0.07450182100000002 0.07450182100000002 0.07450182100000002 0.07450182100000002 0.07450182100000002 0.07450182100000002 0.07450182100000002 0.07450182100000002 0.07450182100000002 0.07450182100000002 0.07450182100000002 0.07450182100000002 0.07450182100000002 0.07450182100000002 0.07450182100000002 0.07450182100000002 0.07450182100000002 0.07450182100000002 0.07450182100000002 0.07450182100000002 0.07450182100000002 0.07450182100000002 0.07450182100000002 0.07450182100000002 0.07450182100000002 0.07450182100000002 0.07450182100000002 0.07450182100000002 0.07450182100000002 0.07450182100000002 0.07450182100000002 0.07450182100000002 0.07450182100000002
S1D1T2 0.15964673299999999 0.15964673299999999 0.15964673299999999 0.15964673299999999 0.15964673299999999 0.15964673299999999 0.15964673299999999 0.15964673299999999 0.15964673299999999 0.15964673299999999 0.15964673299999999 0.15964673299999999 0.15964673299999999 0.15964673299999999 0.15964673299999999 0.15964673299999999 0.15964673299999999 0.15964673299999999 0.15964673299999999 0.15964673299999999 0.15964673299999999 0.15964673299999999 0.15964673299999999 0.15964673299999999 0.15964673299999999 0.15964673299999999 0.15964673299999999 0.15964673299999999 0.15964673299999999 0.15964673299999999 0.15964673299999999 0.15964673299999999 0.15964673299999999 0.15964673299999999 0.15964673299999999 0.15964673299999999
S1D2T1 0.085484598 0.085484598 0.085484598 0.085484598 0.085484598 0.085484598 0.085484598 0.085484598 0.085484598 0.085484598 0.085484598 0.085484598 0.085484598 0.085484598 0.085484598 0.085484598 0.085484598 0.085484598 0.085484598 0.085484598 0.085484598 0.085484598 0.085484598 0.085484598 0.085484598 0.085484598 0.085484598 0.085484598 0.085484598 0.085484598 0.085484598 0.085484598 0.085484598 0.085484598 0.085484598 0.085484598
S1D2T2 0.17244111299999992 0.17244111299999992 0.17244111299999992 0.17244111299999992 0.17244111299999992 0.17244111299999992 0.17244111299999992 0.17244111299999992 0.17244111299999992 0.17244111299999992 0.17244111299999992 0.17244111299999992 0.17244111299999992 0.17244111299999992 0.17244111299999992 0.17244111299999992 0.17244111299999992 0.17244111299999992 0.17244111299999992 0.17244111299999992 0.17244111299999992 0.17244111299999992 0.17244111299999992 0.17244111299999992 0.17244111299999992 0.17244111299999992 0.17244111299999992 0.17244111299999992 0.17244111299999992 0.17244111299999992 0.17244111299999992 0.17244111299999992 0.17244111299999992 0.17244111299999992 0.17244111299999992 0.17244111299999992
S2D1T1 0.08027627100000002 0.08027627100000002 0.08027627100000002 0.08027627100000002 0.08027627100000002 0.08027627100000002 0.08027627100000002 0.08027627100000002 0.08027627100000002 0.08027627100000002 0.08027627100000002 0.08027627100000002 0.08027627100000002 0.08027627100000002 0.08027627100000002 0.08027627100000002 0.08027627100000002 0.08027627100000002 0.08027627100000002 0.08027627100000002 0.08027627100000002 0.08027627100000002 0.08027627100000002 0.08027627100000002 0.08027627100000002 0.08027627100000002 0.08027627100000002 0.08027627100000002 0.08027627100000002 0.08027627100000002 0.08027627100000002 0.08027627100000002 0.08027627100000002 0.08027627100000002 0.08027627100000002 0.08027627100000002
S2D1T2 0.17255433699999992 0.17255433699999992 0.17255433699999992 0.17255433699999992 0.17255433699999992 0.17255433699999992 0.17255433699999992 0.17255433699999992 0.17255433699999992 0.17255433699999992 0.17255433699999992 0.17255433699999992 0.17255433699999992 0.17255433699999992 0.17255433699999992 0.17255433699999992 0.17255433699999992 0.17255433699999992 0.17255433699999992 0.17255433699999992 0.17255433699999992 0.17255433699999992 0.17255433699999992 0.17255433699999992 0.17255433699999992 0.17255433699999992 0.17255433699999992 0.17255433699999992 0.17255433699999992 0.17255433699999992 0.17255433699999992 0.17255433699999992 0.17255433699999992 0.17255433699999992 0.17255433699999992 0.17255433699999992
S2D2T1 0.08288042300000002 0.08288042300000002 0.08288042300000002 0.08288042300000002 0.08288042300000002 0.08288042300000002 0.08288042300000002 0.08288042300000002 0.08288042300000002 0.08288042300000002 0.08288042300000002 0.08288042300000002 0.08288042300000002 0.08288042300000002 0.08288042300000002 0.08288042300000002 0.08288042300000002 0.08288042300000002 0.08288042300000002 0.08288042300000002 0.08288042300000002 0.08288042300000002 0.08288042300000002 0.08288042300000002 0.08288042300000002 0.08288042300000002 0.08288042300000002 0.08288042300000002 0.08288042300000002 0.08288042300000002 0.08288042300000002 0.08288042300000002 0.08288042300000002 0.08288042300000002 0.08288042300000002 0.08288042300000002
S2D2T2 0.1722146639999999 0.1722146639999999 0.1722146639999999 0.1722146639999999 0.1722146639999999 0.1722146639999999 0.1722146639999999 0.1722146639999999 0.1722146639999999 0.1722146639999999 0.1722146639999999 0.1722146639999999 0.1722146639999999 0.1722146639999999 0.1722146639999999 0.1722146639999999 0.1722146639999999 0.1722146639999999 0.1722146639999999 0.1722146639999999 0.1722146639999999 0.1722146639999999 0.1722146639999999 0.1722146639999999 0.1722146639999999 0.1722146639999999 0.1722146639999999 0.1722146639999999 0.1722146639999999 0.1722146639999999 0.1722146639999999 0.1722146639999999 0.1722146639999999 0.1722146639999999 0.1722146639999999 0.1722146639999999
;

#
end;
